fits/data/all_lines_compiled.ecsv
# %ECSV 1.0
# ---
# datatype:
# - name: main_id
#   datatype: string
#   description: Main identifier for an object
#   meta: !!omap
#   - {ucd: meta.id;meta.main}
#   - {_votable_string_dtype: char}
#   subtype: json
# - {name: SpT, datatype: string}
# - {name: F-bol, unit: erg / (s cm2), datatype: float64, format: .2g}
# - {name: F-NV, unit: erg / (s cm2), datatype: float64, format: .2g}
# - {name: F-CII, unit: erg / (s cm2), datatype: float64, format: .2g}
# - {name: F-SiIII, unit: erg / (s cm2), datatype: float64, format: .2g}
# - {name: F-SiIV, unit: erg / (s cm2), datatype: float64, format: .2g}
# - {name: F-euv, unit: erg / (s cm2), datatype: float64, format: .2g}
# - {name: F-Lya, unit: erg / (s cm2), datatype: float64, format: .2g}
# - {name: F-MgII, unit: erg / (s cm2), datatype: float64, format: .2g, description: 'Mg II Luminosity, erg/s'}
# - {name: F-HeII, unit: erg / (s cm2), datatype: float64, format: .2g, description: 'He II Luminosity, erg/s'}
# - {name: F-SiII, unit: erg / (s cm2), datatype: float64, format: .2g, description: 'Si II Luminosity, erg/s'}
# - {name: F-CIV, unit: erg / (s cm2), datatype: float64, format: .2g, description: 'C IV Luminosity, erg/s'}
# - {name: F-CIII, unit: erg / (s cm2), datatype: float64, format: .2g}
# meta: !!omap
# - {ID: result_1753902277400}
# - {name: result_1753902277400}
# - {notes: All line fluxes at 1 AU.}
# schema: astropy-2.0
main_id SpT F-bol F-NV F-CII F-SiIII F-SiIV F-euv F-Lya F-MgII F-HeII F-SiII F-CIV F-CIII
"""""" M4V 340361362.3692176 32.51539986276269 46.88728974168252 26.42253577101636 38.094458358053515 "" "" 2571.6999038972613 91.30828646391957 "" 142.7295275349948 33.91045509746064
"""1RXS J020013.6-084106""" M2.5V "" 0.42921014678091 0.9123933224110434 0.36281976445126907 0.4121420588044029 "" "" 7.264118077158462 1.4650756821685282 0.05689306020516513 2.5030372846871476 0.7259831934268478
"""2MASS J00393579-3816584""" M1.4V "" 0.4088034838748288 0.7474096034885885 0.3829873413798925 0.4184916049772233 "" "" 6.4741209433825535 1.0446575974981318 0.04195863190130928 1.6852445118747512 0.7057186057494563
"""2MASS J22025453-6440441""" M1.8V "" 0.5842699360104094 1.6344688473832312 1.0389095867177833 1.4579691874841934 "" "" 10.637254163618584 1.120953132118044 0.14578846677573562 1.7299732262217435 1.7188522930268675
"""ASAS J015220-5950.4""" M1.6V "" 0.221802378862156 0.5559904722881822 0.19588645662316065 0.29226834755793973 "" "" 3.1695468620438616 0.9167082457723822 0.07573888639812607 0.9126565145481863 0.6292226692875602
"""ASAS J232857-6802.4""" M2.5V "" 0.43724940287594155 1.0598183756758661 0.3675252528917473 0.5019733633692245 "" "" 14.315025576157291 1.6451477476048517 "" 1.5901404312237972 0.866560880897595
"""BD+05  1668""" M3.5V "" 0.0013192078335072664 0.001742349968783182 0.0013405427310842033 "" "" 0.8398039276762905 0.08747308006544137 0.002318392203360479 "" 0.008249493729748942 ""
"""BD+19  3268""" M0.5Ve "" 11.952902049155888 24.21825038612988 8.102407075747502 18.28526153962129 "" "" 1379.7071979570537 61.33544422065772 "" 38.33400558983618 53.37917923961344
"""BD+25  3173""" M1.5V "" 0.01144972836628948 0.019877012909179564 "" "" "" 5.1914917437213175 1.7850197639370557 "" 0.003086448516130208 "" ""
"""BD+61   195""" M1.5V "" 0.02787599685318118 0.0761006442282691 0.022747475176928263 0.019438751514829603 "" 10.298402398282066 "" 0.05707548317120181 "" 0.09429862436981169 0.028372305402495978
"""BD-05  5715""" M3.5V "" 0.013725450774496085 0.014863311978599388 0.06791609061991585 "" "" 1.3547659961354945 0.515593358109309 0.012338682431995186 0.0022828340407322506 0.03299797491899577 ""
"""BD-07  4003""" M2.5V 33777.40301211227 0.0008533959030774769 0.0007680563127697291 0.0004693677466926123 0.00074310286626647 0.07329696453628362 0.1756573233834473 0.039113978891051025 0.0011520844691545937 0.0001265870589564924 0.0029371042330916496 ""
"""BD-11   916""" M2V 32090.1768477935 0.00609804547706766 0.008387169203033326 0.003578496252015544 0.003707068873926476 0.7273773418833195 "" 0.3605999450205918 0.015213873443525552 0.0006507143760965761 0.016657769548557737 0.005471073021390348
"""BD-12  4523""" M3V "" "" "" "" "" "" "" "" 0.0030686694348160937 "" 0.00910288963282642 ""
"""BD-15  6290""" M4V 18573.702864862058 0.009422913096480473 0.009351796771224016 0.007147190688273869 0.007800955203242066 0.8079560746214995 0.3434918509886844 0.0355581626282282 0.004835910117439036 0.001048965797532732 0.02016147821020539 ""
"""CD-23 14742""" M3.5V "" 0.012196449781482273 0.008925098819685279 0.006222678459939935 "" "" 1.795116594239896 0.4089188702246243 0.02154824655270629 0.0012374240594623413 0.04195863190130928 ""
"""CD-34  7390A""" M1Ve "" "" 2.393064344879758 1.009851818641681 "" "" "" "" "" "" "" ""
"""CD-34  7390B""" M2 "" "" 2.2863898569950734 0.8676191681287682 "" "" "" "" "" "" "" ""
"""CD-35  2722""" M1Ve "" 0.1914623385755202 0.6169342020766762 0.28081142991076297 0.2744293519582456 "" 5.318398293764449 "" 0.8190333372397253 "" 0.9551843335600951 0.3701605212460057
"""CD-40  9712""" M2.5V "" 0.014649963002830018 0.015930056857446234 0.009138447795454648 "" "" 2.7374848784501418 0.7751679452953748 0.017067918061549538 0.0023397271009374158 0.045514448164132096 ""
"""CD-44  1173""" M0.0 "" 0.7193378957801565 1.3314512415705266 0.5355743294983236 0.5969802449975152 "" "" 12.180300465874302 1.940147486032251 0.08071702916607802 2.4171384529059674 1.1332360110533297
"""CD-46 11540""" M3V "" 0.017316825199947133 0.02489071383975974 "" "" "" 1.8739151705076262 0.6009329484170566 "" 0.0032286811666431205 "" ""
"""CD-51 10924""" M0V "" 0.05653747857888284 0.07858353940838432 0.02293501489520719 "" "" 6.222678459939935 5.440398882118915 "" 0.009600703909621615 "" ""
"""CD-57  1054""" M0Ve "" 0.4731592086655135 1.173680634481988 0.617564941180313 0.7435358993315212 "" 16.59129692723229 "" 2.0278251799950575 "" 2.110781664631219 0.6851591138468149
"""EXO 0235.2-5216""" M2Ve "" 0.5497007246439776 1.5613793873813926 0.5909972181952167 0.7514307693865369 "" "" 20.7506723297322 1.9697308112781973 0.14614404840201792 2.381840564585222 0.9179666032518508
"""G  75-55""" M0.5 "" 0.02178130335990685 0.03946549245929703 0.01595717740925896 0.018562969355096364 "" "" 2.2991145887358404 0.06108878264267493 "" 0.07118347462342293 0.02936250983480424
"""G  80-21""" M3V "" 0.20958433740367 0.3589432904959406 0.21922039889349393 0.25776464485278955 "" 13.249584548507874 "" 0.5420284588025949 "" 1.069602825370454 0.2938998754396292
"""G 139-21""" M4.5V 7296.534668965537 0.0015894498694818005 0.000849840086814654 0.0006933841712504499 0.0004560334168103461 0.13681002504310383 0.11236379390520111 0.018632477217191575 0.0006400469273081076 0.00011734193667315308 0.004515886653784982 ""
"""G 177-25""" M5V "" 0.014685521165458248 0.011769751829943534 0.006080445809427022 "" "" 0.3733607075963961 0.291221351925189 "" 0.001379656709975254 "" ""
"""G 249-11""" M4V "" 0.002339954763837447 "" "" "" "" "" "" "" "" 0.004679909527674894 ""
"""GSC 08057-00342""" M1.5V "" 0.4453851036515079 0.7987748836852651 0.35405754270574397 0.5230327859474913 "" "" 7.5618272945676575 1.0613642208059024 0.06471585598337533 1.829786555132681 0.7011571494869562
"""HD   1326""" M1V "" 0.0006151562134683479 0.0023788410798284663 0.002257943326892491 "" "" 1.7174592549434222 0.1817022110302461 0.00455144481641321 0.0007645004965069063 0.006364911110452848 ""
"""HD  33793""" M1.5V 19752.642900405546 0.00012409798757251643 0.0005582631532631828 0.0004978142767951948 0.0005925792870121665 0.013036744314267662 0.35126077185657884 "" "" "" "" ""
"""HD  36395""" M1.5V "" 0.04764793792182579 0.0750277231455615 0.018027988452511697 "" "" 6.59943817530711 3.911397889105102 0.05689306020516513 0.008533959030774769 0.12232007944110501 ""
"""HD  79210""" M0V "" 0.019165849656614997 0.03769165238592189 0.021263781251680464 "" "" 8.289440525199673 5.049259093208404 0.08036144753979574 0.00810726107923603 0.07965028428723117 ""
"""HD  95735""" M2V "" 0.001582338236956155 0.0010774123276353145 0.0010631890625840232 "" "" "" "" 0.004978142767951948 0.0002666862197117115 0.006969399875132728 ""
"""HD 152751""" M3.5 "" "" "" "" "" "" 13.380136510796502 "" "" "" "" ""
"""HD 156384C""" M1.5V 66957.02485590255 0.0015076660954368758 0.0013689892611867859 0.001070300695109669 0.0018524776876799704 0.12989662822045095 1.0951914089494286 0.11307495715776568 0.004089188702246243 0.00027201994410594574 0.006258236622568163 ""
"""HD 173739""" M3.0V "" "" "" "" "" "" "" "" 0.002652638932065824 "" 0.005867096833657654 ""
"""HD 197481""" PMSM1 80294.34017246883 0.28197622964184965 0.5475957044747143 0.3335355654527805 3.4687154954506534 28.905962462088777 40.536305396180154 20.730408812257043 1.0454099812699091 0.04124746864874471 1.3476543636098488 ""
"""HD 204961""" M2V 104967.29073267471 0.003614939844357199 0.005568944595631309 0.0017852733134802099 0.0022653899558303255 0.29915677858812295 0.9422913096480474 0.2763379118695233 0.007762509389554544 0.0007609446802440834 0.009042469267534837 0.0019992915676889694
"""HD 217987""" M2V "" 0.004587002979041438 0.009458471259108701 0.004693677466926122 "" "" 3.534481365245883 0.7289423338786781 0.03626932588079277 0.0018774709867704492 0.039825142143615586 ""
"""HD 285968""" M2.5V 34449.6615338065 0.012620274265788572 0.02507267280407656 0.006979365224626619 0.007966939067879162 0.9645905229465821 1.4081032400778368 0.8825045858118146 0.02668522875888217 0.002645527299540178 0.04291199386192889 0.009632199080135658
"""HG 7-162""" M1V "" 0.07288041580158522 0.14994561772376278 0.04670344669870408 0.06351246235921952 "" "" 4.8893386804487635 0.14898022874875597 0.011378612041033024 0.24391891036907246 0.09400782772210298
"""HG 7-179""" M0.5V "" "" "" "" "" "" "" 1.3443318482256361 "" "" "" ""
"""HG 7-183""" M1V "" 0.297888670424583 0.6297569318297667 0.22607289072959103 0.1906074305849374 "" "" 6.282996488773239 0.47279154742051765 0.03129118311284082 0.8644697586550153 0.3595619656641911
"""HG 7-212""" "" "" 0.0661882385602776 0.14915173316463662 0.048828746903823855 0.0647343022953321 "" "" 4.658346868891704 0.20875021935619997 "" 0.23040058907782798 0.10830140993964173
"""HG 7-221""" M1.5V "" 0.03678725205225477 0.0714731024143236 0.020382357396757714 0.023328472697165908 "" "" 2.274821042490168 0.06744474105838252 "" 0.12341182291688473 0.04838146865826434
"""L  229-91""" M3.5V "" 0.001365433444923963 0.0026561947483286466 0.0013369869148213802 "" "" 1.3192078335072663 0.4693677466926122 0.0019556989445525513 0.0005262608068977774 0.00672049273673513 ""
"""L  320-124""" M4V "" 0.0006293794785196392 0.0005440398882118915 0.0003591374425451048 "" "" 0.16925685411036623 0.04729235629554351 "" "" 0.0021654921040590975 ""
"""L  372-58""" M5.5V "" "" "" "" "" "" "" "" 0.0005582631532631828 "" 0.002435734140033632 ""
"""LP   55-41""" M4V "" 0.00813278450792879 0.004647305433102166 "" "" "" "" "" "" "" "" ""
"""LP  247-13""" M2.7V "" 0.4610317995427939 0.8889175219942758 0.36711791445074327 0.3013279735573816 "" 221.9782738539378 "" 1.0245151100950975 "" 1.7929014426664205 0.743275668108208
"""LP  415-1619""" M2V 45055.25185454942 0.0436501840109025 0.08589195735559457 0.030072233071485654 0.039156086693701256 "" "" 1.845153665704105 0.0804506605803469 "" 0.21118917446033947 0.0738209226728249
"""LP  424-4""" M2.0Ve 73533.1440078093 0.020374827185974758 0.020268152698090073 0.00949402942173693 "" 8.971043568952734 3.438474326149667 "" "" 0.0022366084293155538 "" ""
"""LP  666-9""" M9Ve "" "" 8.178377404492486e-05 "" "" "" "" "" "" "" 0.0021477130227449833 ""
"""LP  914-54""" M7.0Ve "" "" 0.0001383212526238077 "" "" "" "" "" "" "" "" ""
"""NAME Barnard's star""" M4V "" 0.0005440398882118915 0.0005724864183144741 0.00038758397264768743 "" "" 0.13972994017791607 0.02414399242456695 "" 7.680563127697292e-05 "" ""
"""NAME Proxima Centauri""" M5.5Ve 2091.465078956447 0.0027201994410594576 0.0017743523151485872 0.001379656709975254 0.0016010525776839013 0.1081792282218852 0.2969106579457055 "" 0.0020943757788026407 0.00014543288514945333 0.009387354933852244 ""
"""PM J23261-7323""" M0Ve "" 0.4294885098402341 1.380440342001025 0.5324981470265348 0.5703450900891012 "" "" 19.834462118148966 1.8844420875277643 0.08960656982313506 2.4258598132850304 0.992587616066341
"""Ross  905""" M3V 32521.989042533278 0.0039060978421905893 0.004812319741807267 0.001971674842512228 0.0026950770016660602 0.3158698185756044 0.8036144753979573 0.23643031517048124 0.0054775634391869684 0.0007147190688273868 0.010029311670244618 0.002234624903682935
"""Ross 1044""" M0 "" "" "" "" "" "" 0.7746763525808613 "" "" "" "" ""
"""Smethells 165""" M0Ve "" 0.6463923989665264 1.971985258458883 0.9284005318383916 1.022214746182235 "" "" 13.664298206204187 2.013248140791385 0.10454099812699091 2.872883090369222 1.478334570303333
"""TRAPPIST-1""" M8V "" 0.0004302537678015612 0.00034064719797842615 0.00019059175168730316 "" "" 0.08711749843915909 "" "" "" "" ""
"""UCAC3 33-129092""" M2.3V "" 0.31273205956896255 0.8176109973250388 0.2469598531792588 0.3587871612383075 "" "" 6.14757692520592 0.7724118620985337 0.04195863190130928 1.0115976538221254 0.4750292420340703
"""UCAC4 156-001978""" M1.9V "" 0.30371866849310314 0.8373995769757845 0.3706975550235931 0.48042147862224305 "" "" "" 1.7426982395537918 0.04515886653784982 1.5175663495271732 0.5188488751984148
"""V* AD Leo""" M3V 20976.53390609226 0.1400991607552191 0.16498987459497885 0.1400991607552191 0.16676344455343348 11.537093648350744 8.000586591351345 3.5913744254510487 0.300110892582246 0.016285638483728517 0.5618189695260055 ""
"""V* CE Ant""" M2Ve "" "" 1.4081032400778368 0.6613818248850445 "" "" "" "" "" "" "" ""
"""V* DS Leo""" M1V "" 0.03692756479495698 0.16250553965596834 0.05311748236515979 0.06427457911765912 "" 9.58055047225485 "" 0.1540164443008058 "" 0.18130282222811392 0.05578548376249659
"""V* EV Lac""" M4V 21713.869260546464 0.04018072376989787 0.03840281563848646 0.0394695605173333 0.04234204505806561 4.885620583622954 2.8197622964184963 "" 0.07609446802440835 0.002553076076706785 0.14472172189688878 ""
"""V* FZ And""" M5V "" 0.0927639156891812 0.1871794144470125 0.05808067124752887 0.09909498411900661 "" 1.9351048287683792 "" 0.07707387653700515 "" 0.4459274285355298 0.04128957671625275
"""V* WW PsA""" M4V "" 0.3519959144167124 0.7354862001233413 0.30938588267153144 0.4075742166930355 "" 39.64585562377709 "" 1.6932856093519746 "" 2.1990481600665137 0.5576356328391076
"""V* YY Gem""" M0.5V 96756.26865419408 0.4034736402879894 2.1576647909885285 0.3289713134242599 0.7934014029643915 32.8003750737718 "" "" "" "" "" ""
"""V* YZ CMi""" M4.0Ve "" 0.18027988452511698 0.16605661947382572 0.10240750836929723 "" "" 9.185479217550913 2.062373432437236 "" 0.014116590563406596 "" ""
"""VB  8""" M7V "" "" "" "" "" "" "" "" "" "" 0.0023788410798284663 ""
