fits/data/loyd2021_line_fluxes.ecsv
# %ECSV 1.0
# ---
# datatype:
# - {name: name, datatype: string, subtype: json}
# - {name: project name, datatype: string}
# - {name: mg2_Ftot, unit: erg / (s cm2), datatype: float64, format: .2g}
# - {name: mg2_Ftot_errpos, unit: erg / (s cm2), datatype: float64, format: .2g}
# - {name: mg2_Ftot_errneg, unit: erg / (s cm2), datatype: float64, format: .2g}
# - {name: c2_Ftot, unit: erg / (s cm2), datatype: float64, format: .2g}
# - {name: c2_Ftot_errpos, unit: erg / (s cm2), datatype: float64, format: .2g}
# - {name: c2_Ftot_errneg, unit: erg / (s cm2), datatype: float64, format: .2g}
# - {name: si3_Ftot, unit: erg / (s cm2), datatype: float64, format: .2g}
# - {name: si3_Ftot_errpos, unit: erg / (s cm2), datatype: float64, format: .2g}
# - {name: si3_Ftot_errneg, unit: erg / (s cm2), datatype: float64, format: .2g}
# - {name: c3_Ftot, unit: erg / (s cm2), datatype: float64, format: .2g}
# - {name: c3_Ftot_errpos, unit: erg / (s cm2), datatype: float64, format: .2g}
# - {name: c3_Ftot_errneg, unit: erg / (s cm2), datatype: float64, format: .2g}
# - {name: si4_Ftot, unit: erg / (s cm2), datatype: float64, format: .2g}
# - {name: si4_Ftot_errpos, unit: erg / (s cm2), datatype: float64, format: .2g}
# - {name: si4_Ftot_errneg, unit: erg / (s cm2), datatype: float64, format: .2g}
# - {name: he2_Ftot, unit: erg / (s cm2), datatype: float64, format: .2g}
# - {name: he2_Ftot_errpos, unit: erg / (s cm2), datatype: float64, format: .2g}
# - {name: he2_Ftot_errneg, unit: erg / (s cm2), datatype: float64, format: .2g}
# - {name: c4_Ftot, unit: erg / (s cm2), datatype: float64, format: .2g}
# - {name: c4_Ftot_errpos, unit: erg / (s cm2), datatype: float64, format: .2g}
# - {name: c4_Ftot_errneg, unit: erg / (s cm2), datatype: float64, format: .2g}
# - {name: n5_Ftot, unit: erg / (s cm2), datatype: float64, format: .2g}
# - {name: n5_Ftot_errpos, unit: erg / (s cm2), datatype: float64, format: .2g}
# - {name: n5_Ftot_errneg, unit: erg / (s cm2), datatype: float64, format: .2g}
# schema: astropy-2.0
name "project name" mg2_Ftot mg2_Ftot_errpos mg2_Ftot_errneg c2_Ftot c2_Ftot_errpos c2_Ftot_errneg si3_Ftot si3_Ftot_errpos si3_Ftot_errneg c3_Ftot c3_Ftot_errpos c3_Ftot_errneg si4_Ftot si4_Ftot_errpos si4_Ftot_errneg he2_Ftot he2_Ftot_errpos he2_Ftot_errneg c4_Ftot c4_Ftot_errpos c4_Ftot_errneg n5_Ftot n5_Ftot_errpos n5_Ftot_errneg
"""G75-55""" field0.5a 9.437956165097844e-14 3.831493109681072e-15 3.858722131504487e-15 1.6200740480258014e-15 3.515082635153551e-17 5.1160703776041776e-17 6.550484331887268e-16 1.3307295485098139e-16 2.675971882619964e-17 1.2053426222244595e-15 1.103109299985369e-16 7.756008571065009e-17 7.620172214373413e-16 5.4317176871936733e-17 2.0256158764695847e-17 2.5077186478024638e-15 1.3049020887297123e-16 6.229329747045821e-17 2.922109739404601e-15 5.798182872839195e-16 8.113807399114899e-17 8.94131103063165e-16 3.169084891762623e-16 1.7170290829194198e-16
""" GJ3997""" field0.5b 3.242923199867495e-14 4.5321178540118274e-15 2.320320469395528e-15 5.692361839792703e-16 3.812110929269076e-17 3.862839382396714e-17 1.9044246431140237e-16 1.1383046575143708e-16 8.814976404275236e-17 1.25464721067155e-15 9.23830742697396e-17 9.16333635389561e-17 4.2978465974726667e-16 3.359426388653483e-16 4.0968625546093847e-17 1.4416546882691623e-15 1.869391989630021e-16 9.904115639070943e-17 9.010189716716947e-16 1.0415050580630581e-16 8.500119635746197e-17 2.8094615595502535e-16 6.324153583419328e-17 3.976924524373025e-17
"""LTT2050""" field2.0 6.742249132454744e-14 2.7704968371565818e-15 2.688351507399966e-15 1.5681750666843126e-15 2.2997472769993404e-17 3.643552981694194e-17 6.690825548868732e-16 4.093652758632472e-17 6.686675595180321e-17 1.0229435095992375e-15 8.138818286740059e-17 7.864807050257792e-17 6.931221772025924e-16 5.740368598007086e-17 6.955975236976225e-17 2.8445851543329803e-15 2.2286041913716185e-16 8.836773532334839e-16 3.1145548921528823e-15 1.6883335007037962e-16 7.865470922310547e-17 1.140170496284496e-15 8.848296466419736e-17 1.4432711168051043e-16
"""UCAC4 517-007538""" hyades1.0a 5.4170583114960365e-14 1.2267323673622997e-15 1.1927144659100887e-15 1.6612965635024567e-15 4.1169573631101025e-17 5.1648935784224726e-17 5.17442768132205e-16 4.8741294401491865e-17 2.3209672457805207e-17 1.0415434842835736e-15 8.582471903151332e-17 1.5451855981072028e-16 7.036753528291293e-16 1.5123714333790586e-16 1.1420846223033078e-16 1.650600703156764e-15 1.0398468561636593e-16 7.09689736470245e-17 2.7024574223697762e-15 9.545393470606302e-17 8.390920319340475e-17 8.074659743698267e-16 3.764825289202211e-17 9.983539038595158e-17
"""TYC1265-1118-1""" hyades1.0b 4.7548790560384844e-14 1.4454173518067339e-15 1.5217345403876679e-15 1.522425169607649e-15 3.5375431527796805e-17 4.1662318583682826e-17 4.984059635748726e-16 2.828776591704126e-17 8.167594463963554e-17 1.1054567647169605e-15 9.548294328190117e-17 6.978974166510013e-17 6.607575323487452e-16 7.619985868724401e-17 1.1047285235382494e-16 2.1307602759010214e-15 7.609486843115434e-16 3.516093097843664e-16 2.351750452120662e-15 8.719557884056175e-17 8.358346522673818e-17 6.755981856740072e-16 1.404708294737885e-16 6.390017058001233e-17
"""Cl* MELOTTE 25 REID 176""" hyades2.0a 1.822124298980418e-14 1.8759374263597366e-16 2.0094238738261398e-16 "" "" "" "" "" "" "" "" "" "" "" "" "" "" "" "" "" "" "" "" ""
"""LP5-282""" hyades2.0b 5.1533963236423067e-14 1.0044330242681941e-15 8.770904293411246e-16 5.165349150009542e-15 8.081676295902928e-17 1.1667274852978167e-16 1.854279571925305e-15 3.739309131048713e-17 6.645414797919885e-17 2.9491745145591144e-15 4.824208954833973e-16 2.0453028138007798e-16 1.5633872051186088e-15 5.999322154475715e-16 1.5978932646597444e-16 3.877898430597052e-15 6.331969298199802e-17 7.151734889391023e-17 7.09049461369752e-15 5.017972770951224e-16 6.250291814268837e-16 2.443322038717991e-15 1.8469288316766635e-16 1.292194343261683e-16
"""GJ3290""" hyades2.0c 2.5443890341676197e-14 4.635489340035626e-16 4.886896260863038e-16 7.994271840472927e-16 1.3222904621407819e-17 1.2652549541254362e-17 2.2797681963599886e-16 1.0686807528515907e-17 8.300158075302431e-18 5.411470881078955e-16 2.7880277232331725e-17 2.7842634410406536e-17 2.6092914126366577e-16 1.7893233733257502e-17 1.2892527170561171e-17 7.543699322095786e-16 1.450534982339568e-16 4.555732632227394e-17 1.3803621605883522e-15 3.161962347967776e-16 3.9522011078671966e-17 4.114656888194397e-16 7.746726070985141e-17 3.190553415387329e-17
"""LP415-1619""" hyades2.5 2.4571879056329707e-14 4.1568383849558287e-16 3.176110127806383e-16 1.1438216920798994e-15 4.533676678504141e-17 1.8769009968310953e-17 4.004714012284337e-16 6.425878766226716e-17 4.5131963175770987e-17 9.830719345811966e-16 7.604619681149346e-17 7.208997656561039e-17 5.214409208512393e-16 7.631158592984954e-17 5.4319837721432756e-17 1.0713600382046046e-15 4.162168167955544e-17 3.3531162590602215e-17 2.8124025382272694e-15 1.727765982320312e-16 1.1731445213688803e-16 5.812887361298142e-16 1.1073534192821059e-16 4.896825334221453e-17
"""GJ832""" muscles1.5a 2.6326097390975484e-13 1.4462470742146297e-15 1.911895932476688e-15 5.305409482096675e-15 4.2385541922134043e-17 4.974372355447315e-17 1.7007901233031268e-15 5.885385382884197e-17 4.2592311663333084e-17 1.9046805473722877e-15 4.4043656907570937e-17 3.108409493383642e-17 2.1581865550857207e-15 3.5674290652615617e-17 3.394994671502394e-17 7.395169805157401e-15 8.101450414787648e-17 6.089414183572206e-17 8.614559073038983e-15 1.4439456918882294e-16 1.2688980081200768e-16 3.443872676073484e-15 4.2230356537829344e-17 4.17684468092917e-17
"""GJ667c""" muscles1.5b 6.044634175855789e-14 1.1679311388418006e-15 1.204618533150569e-15 1.1020590448999338e-15 3.263114192180429e-17 3.426318276354414e-17 6.210466566966832e-16 5.3275655341903403e-17 5.63354948350175e-17 7.970459363874615e-16 2.901620940359031e-17 2.3278851416415104e-17 8.953885504014257e-16 2.852324322196405e-17 2.6561828472199918e-17 2.146149276835249e-15 4.280892522174978e-17 3.3881502245745196e-17 3.354776265824544e-15 7.138483504686416e-17 5.004768305037141e-17 7.642559575252986e-16 1.9266535462928377e-17 2.032269293389195e-17
"""GJ176""" muscles2.0 2.305549871516756e-13 1.3958671766428116e-15 1.1713642497020837e-15 6.550254637922867e-15 1.3450950192665233e-16 1.043832499747412e-16 1.8233644170929806e-15 4.504086040486302e-17 8.726892792196281e-17 2.5164192581732503e-15 8.013136753828316e-17 8.027578118218475e-17 2.081368826818477e-15 3.6312676832885875e-17 4.001565698457229e-17 6.971536094607382e-15 5.206659540253274e-17 8.143280612220326e-17 1.1210790688853717e-14 2.0997128096216606e-16 3.130798999667826e-16 3.297056149031688e-15 6.159291453223403e-17 6.925723041902474e-17
"""GJ436""" muscles2.5 5.81588819456941e-14 1.0631675131757804e-15 1.230219753877931e-15 1.183770091186874e-15 2.2972184439846297e-17 4.356132826992412e-17 4.850071968067168e-16 6.595716259816714e-18 6.461739834907873e-18 5.496896025050429e-16 1.068917456718134e-17 9.63018587174138e-18 6.629550236035943e-16 1.864843213418558e-17 1.7096801886049482e-17 1.3474116683387943e-15 3.0172332760999984e-17 2.2696669981688134e-17 2.467084447295759e-15 5.419654820044518e-17 5.5129793672254216e-17 9.608509091081906e-16 1.4776978738985892e-17 2.3183409498171747e-17
"""2MASS J03315564-4359135""" tuchor0.0 1.4068285381884862e-13 4.768770387932405e-15 1.294092315318718e-15 1.5378303754458788e-14 1.5897836985079805e-15 1.7507776898766656e-15 6.185900365679705e-15 2.8311145396119297e-16 1.4599267906176053e-16 1.3088911602134854e-14 7.840376829293273e-16 4.1529978059507595e-16 6.895140622764386e-15 1.6780065554861565e-16 2.0269998873809936e-16 2.2408764539856513e-14 3.265607883261186e-16 5.705014591581109e-16 2.791802522300745e-14 6.519577975334182e-16 3.0976165320713396e-16 8.308375341144254e-15 1.6906027695426522e-15 7.36619482588923e-16
"""2MASS J00240899-6211042""" tuchor0.2 1.6691974161238194e-13 3.6767850832054965e-15 4.311566583568745e-15 2.4089292024959505e-14 3.396785456013032e-16 4.8086894135685935e-16 1.1341114966072673e-14 2.0675945096560157e-16 1.8021794275321052e-16 1.80589753507899e-14 3.3741822259070697e-16 4.4054572624251076e-16 1.2487126578343615e-14 3.4322614073037137e-16 4.3201664386008187e-16 2.459334935400668e-14 5.078608904264844e-16 4.078627004260904e-16 3.509444070162926e-14 5.68416724733158e-16 6.318763562037136e-16 7.896172242985079e-15 1.5813245487209924e-16 1.6681913869669053e-16
"""2MASS J02543316-5108313""" tuchor1.1 9.275227979751602e-14 3.535147364637675e-15 3.948947158945721e-15 9.797657182679674e-15 1.9619896884461351e-16 4.557073523899395e-16 4.342818605372781e-15 8.054380123713114e-16 2.6505240110990856e-16 8.60029217514167e-15 5.590530958816993e-16 4.486351467344474e-16 6.415444497168946e-15 4.035029234873385e-16 5.6944140711031e-16 1.3018540008971482e-14 4.063312017230578e-16 3.106200943685124e-16 2.244389721163327e-14 1.1448238868425555e-15 3.707299637011345e-15 5.463029257651439e-15 6.193333677586781e-16 7.911869243539181e-16
"""2MASS J00393579-3816584""" tuchor1.4 9.472045832092581e-14 2.3480907724759746e-15 2.209304160311704e-15 1.0935072238380531e-14 8.576703832199712e-16 3.3509128191298163e-16 5.603345508040922e-15 2.992152775913586e-16 1.2374212650442583e-15 1.0325106739088508e-14 9.783247788467402e-16 4.41329787777799e-16 6.122795198538838e-15 1.8990182621876866e-16 2.2407096210704465e-16 1.528399720808449e-14 4.3699287577228724e-16 2.0141313556499528e-16 2.4656186367782073e-14 8.670468706134596e-16 3.6677440691925937e-16 5.981051897925119e-15 2.474869590542585e-16 4.077839218218922e-16
"""2MASS J23261069-7323498""" tuchor1.5 2.1773483983133933e-13 3.9826382813270004e-15 3.835797486208984e-15 1.515392527268407e-14 2.975425646909835e-16 5.042576467702327e-16 5.845552960431268e-15 2.115592417499522e-16 1.713766166018616e-16 1.0896232240400427e-14 5.572041982866916e-16 4.731838687512297e-16 6.2610216551075594e-15 2.265570022273204e-16 1.9135337270938343e-16 2.0686656066354884e-14 3.822893065765806e-16 2.9457841548760877e-16 2.663012461606355e-14 2.562177013869339e-16 2.1920551466442477e-16 4.7147541154592776e-15 1.8065543700710678e-16 1.5636401957889669e-16
"""2MASS J01521830-5950168""" tuchor1.6 4.7521086983360016e-14 2.0438396138825507e-15 2.2996897592724487e-15 8.335977584659701e-15 6.353497571130551e-16 2.070919435073492e-15 2.936930024769761e-15 6.345097377770075e-16 2.646316388022999e-16 9.433949551966691e-15 1.7826675740426572e-15 5.353380803410231e-16 4.381985870947994e-15 7.759480096079321e-16 2.3754719665720487e-16 1.374422722925808e-14 1.1070110219601139e-15 7.24405301637801e-16 1.3683479532404642e-14 3.9610323941686897e-16 3.811913660824433e-16 3.325488026458095e-15 3.5394636367181464e-16 2.4541542084258784e-16
"""2MASS J22025453-6440441""" tuchor1.8 1.3109488647598937e-13 4.907458309578117e-15 5.922501417413858e-15 2.014340399321203e-14 2.9827260359865204e-16 2.98315516667034e-16 1.280365517591936e-14 2.3405649430869313e-16 2.677346536284297e-16 2.118335641485673e-14 4.976300162808981e-16 5.525757829083802e-16 1.7968199516416496e-14 3.1723128038462215e-16 3.1022171648447473e-16 1.381477036644669e-14 2.7855949461981127e-16 4.797384810429101e-16 2.132041222383379e-14 1.5314363687625921e-16 3.1406579672484275e-16 7.200617730333724e-15 2.0091278162367595e-16 1.896890947354124e-16
"""2MASS J02125819-5851182""" tuchor1.9 "" "" "" 8.576343187387665e-15 1.719349572347754e-16 1.4215369802902341e-16 3.7965501034636805e-15 8.60072058536963e-17 1.8706382631741628e-16 5.313862268908641e-15 2.2486766954947884e-16 1.4435855368565844e-16 4.920302790379521e-15 3.3772672548821247e-16 8.82677483441031e-16 1.7848084218583072e-14 3.596757351657561e-15 6.338679474226055e-15 1.554236493667647e-14 2.738362954991403e-16 2.391430861238361e-16 3.110576605281235e-15 6.62107346781747e-16 1.788168376082106e-16
"""GSC8056-0482""" tuchor2.0 3.2332696030158987e-13 3.533495747209296e-15 5.258429791365614e-15 2.4328659967139457e-14 5.184104389430806e-16 2.369666640824824e-16 9.208633391216049e-15 8.160727184601247e-17 8.594188099705198e-17 1.430331252749471e-14 5.244614309781532e-16 3.762548451930773e-16 1.1708431547768046e-14 2.747502506011356e-16 5.233803597164402e-16 3.0691394751120494e-14 3.365680114063491e-16 3.5059175431541834e-16 3.711269000990009e-14 7.102561682339871e-16 5.898270465521084e-16 8.565171361703646e-15 1.959787050050715e-16 2.1615418599241404e-16
"""2MASS J02001277-0840516""" tuchor2.1 1.2616908723730037e-13 2.6057627123105944e-15 2.5745894703744163e-15 1.5847186329746397e-14 4.498797947348585e-16 5.131190152982684e-16 6.301747579848756e-15 4.2067908334446153e-16 2.2182760712492655e-16 1.260946420354942e-14 7.990265317498502e-16 5.2014431428692715e-16 7.15841714288243e-15 1.4212399389586336e-15 3.5094975371375673e-16 2.544662126762619e-14 4.786113717837161e-16 4.62623034977657e-16 4.3474779205880334e-14 1.842013601380417e-15 1.033678190332942e-15 7.454869521272764e-15 5.564495824544633e-16 3.6651614198636694e-16
"""2MASS J22463471-7353504""" tuchor2.3a 5.758388579615793e-14 1.004305128107292e-14 1.0729574893725545e-14 7.65850006733682e-15 2.760579941033558e-16 3.130431637470675e-16 2.313254173917315e-15 5.83331128778692e-16 1.3804023453829364e-16 4.449562804325399e-15 5.148653401058514e-16 3.129427881416135e-16 3.3607320687869813e-15 1.6240057034249967e-16 2.327799501943093e-16 7.23512320314557e-15 8.829313659359835e-17 1.267453410445536e-16 9.475558334294998e-15 1.658430982024857e-15 3.734438486768303e-16 2.9293374319855606e-15 3.055494505167052e-16 2.2106944732677557e-16
"""2MASS J23285763-6802338""" tuchor2.3b 1.6012247582980467e-13 5.171653825700297e-15 3.3455027022555095e-15 1.1854728539625564e-14 5.875251490044256e-16 2.8812279854886505e-16 4.110998831955914e-15 1.4170042247467228e-16 1.377037497928309e-16 9.693023108368547e-15 5.116110490757416e-16 9.400681224250806e-16 5.614884675942771e-15 2.0759642295427564e-15 3.0432582669949503e-16 1.8402002081719576e-14 2.6179464763690465e-16 2.1163665726720462e-16 1.77867109918903e-14 2.0842773793171294e-16 2.408206584876792e-16 4.890906870624943e-15 2.1534611361934407e-16 2.530791209300748e-16
